a
58 56 116 144 105 137 88 135 75 135 55 141 44 146 36 160 32 171 27 187 24 200 24 216 24 234 30 244 49 257 71 258 95 258 108 255 118 247 124 238 -1 -1 117 147 123 163 127 182 127 200 129 216 129 231 130 246 136 256 141 261 
b
32 32 27 40 29 262 118 262 130 251 135 240 138 231 140 217 140 205 141 188 137 174 131 160 123 155 114 149 102 144 80 141 30 141 
c
30 30 136 145 118 135 95 129 72 129 48 140 36 154 25 176 29 199 32 221 41 244 59 254 86 257 108 256 127 248 140 235 
d
34 34 135 41 136 258 57 258 37 251 31 242 24 230 21 214 22 200 25 189 31 177 42 167 54 158 66 152 78 148 104 143 120 144 136 143 
e
34 34 54 193 133 194 127 176 120 164 109 157 95 155 83 157 72 161 62 172 53 187 53 205 59 223 69 240 86 248 103 251 119 249 134 239 
f
28 26 52 264 57 153 58 127 62 103 74 83 90 78 103 80 113 90 120 105 120 118 120 129 -1 -1 30 174 87 176 
