a
12 10 21 208 84 40 147 209 -1 -1 52 133 116 133 
b
54 52 33 40 32 208 106 210 117 197 121 186 122 172 119 162 116 148 109 137 100 128 87 124 75 123 64 123 55 123 33 124 -1 -1 84 127 101 118 105 102 105 81 99 67 92 51 81 43 69 41 54 40 40 40 33 42 
c
44 44 148 68 133 52 119 46 103 44 86 43 67 45 49 50 34 60 25 75 17 96 14 117 16 140 26 161 38 179 49 190 65 195 80 200 101 201 118 200 135 193 148 186 155 175 
d
28 28 39 41 41 208 127 210 135 196 144 180 149 153 150 129 146 107 139 92 123 65 113 51 102 44 95 39 40 43 
e
14 12 130 40 41 41 43 207 128 209 -1 -1 43 126 98 127 
f
12 10 133 41 37 42 39 207 -1 -1 39 129 93 130 
g
44 44 131 56 125 48 111 43 98 42 84 42 67 47 52 53 38 63 27 79 23 104 19 133 20 149 28 164 37 172 52 183 65 193 87 196 109 194 127 190 138 180 139 132 93 131 
h
16 12 36 41 38 208 -1 -1 38 127 124 128 -1 -1 122 45 127 208 
i
16 12 39 40 139 43 -1 -1 87 45 86 208 -1 -1 44 208 132 210 
j
32 32 40 164 41 176 48 186 54 194 63 196 73 200 81 201 92 201 100 192 106 178 108 142 107 99 102 68 99 49 58 50 138 53 
k
14 12 35 39 37 208 37 124 122 40 -1 -1 70 95 128 206 
l
6 6 44 40 46 208 128 208 
m
10 10 26 208 28 40 85 151 142 40 145 208 
n
8 8 35 209 32 40 134 208 132 41 
o
48 48 83 41 63 42 51 48 37 61 27 84 22 106 17 118 17 138 17 153 20 171 30 180 48 188 67 195 88 197 106 196 128 193 143 177 155 145 158 115 153 87 142 66 124 55 103 47 85 42 
p
26 24 36 40 38 207 -1 -1 37 42 121 45 132 48 138 62 142 77 143 94 140 107 133 114 120 120 38 122 
q
46 44 86 39 56 40 36 49 19 75 12 100 11 126 13 149 23 171 38 191 60 198 87 201 108 200 127 193 142 174 152 143 150 107 141 77 123 53 107 45 87 41 -1 -1 100 149 159 200 
r
40 36 41 40 41 207 -1 -1 42 131 109 132 -1 -1 42 42 107 44 120 50 128 62 133 81 133 99 131 114 124 128 110 134 124 142 131 154 133 168 134 186 134 208 
s
54 54 135 60 132 52 118 46 104 41 86 40 66 43 45 52 37 60 36 71 49 81 59 84 78 88 97 92 110 98 120 106 130 115 136 131 137 157 138 172 132 179 118 194 105 195 84 196 59 194 43 189 38 173 33 155 
t
8 8 33 41 142 42 89 45 84 207 
u
28 28 30 40 30 151 30 173 42 181 56 194 77 198 89 200 106 201 121 201 133 196 139 184 142 175 144 143 140 41 
v
6 6 19 40 85 208 152 41 
w
10 10 9 40 47 207 84 95 122 207 165 41 
x
8 8 30 41 135 208 34 209 142 41 
y
12 10 26 41 85 107 147 42 -1 -1 86 110 85 209 
z
8 8 31 40 144 41 33 208 139 208 
A
12 10 21 208 84 40 147 209 -1 -1 52 133 116 133 
B
54 52 33 40 32 208 106 210 117 197 121 186 122 172 119 162 116 148 109 137 100 128 87 124 75 123 64 123 55 123 33 124 -1 -1 84 127 101 118 105 102 105 81 99 67 92 51 81 43 69 41 54 40 40 40 33 42 
C
44 44 148 68 133 52 119 46 103 44 86 43 67 45 49 50 34 60 25 75 17 96 14 117 16 140 26 161 38 179 49 190 65 195 80 200 101 201 118 200 135 193 148 186 155 175 
D
28 28 39 41 41 208 127 210 135 196 144 180 149 153 150 129 146 107 139 92 123 65 113 51 102 44 95 39 40 43 
E
14 12 130 40 41 41 43 207 128 209 -1 -1 43 126 98 127 
F
12 10 133 41 37 42 39 207 -1 -1 39 129 93 130 
G
44 44 131 56 125 48 111 43 98 42 84 42 67 47 52 53 38 63 27 79 23 104 19 133 20 149 28 164 37 172 52 183 65 193 87 196 109 194 127 190 138 180 139 132 93 131 
H
16 12 36 41 38 208 -1 -1 38 127 124 128 -1 -1 122 45 127 208 
I
16 12 39 40 139 43 -1 -1 87 45 86 208 -1 -1 44 208 132 210 
J
32 32 40 164 41 176 48 186 54 194 63 196 73 200 81 201 92 201 100 192 106 178 108 142 107 99 102 68 99 49 58 50 138 53 
K
14 12 35 39 37 208 37 124 122 40 -1 -1 70 95 128 206 
L
6 6 44 40 46 208 128 208 
M
10 10 26 208 28 40 85 151 142 40 145 208 
N
8 8 35 209 32 40 134 208 132 41 
O
48 48 83 41 63 42 51 48 37 61 27 84 22 106 17 118 17 138 17 153 20 171 30 180 48 188 67 195 88 197 106 196 128 193 143 177 155 145 158 115 153 87 142 66 124 55 103 47 85 42 
P
26 24 36 40 38 207 -1 -1 37 42 121 45 132 48 138 62 142 77 143 94 140 107 133 114 120 120 38 122 
Q
46 44 86 39 56 40 36 49 19 75 12 100 11 126 13 149 23 171 38 191 60 198 87 201 108 200 127 193 142 174 152 143 150 107 141 77 123 53 107 45 87 41 -1 -1 100 149 159 200 
R
40 36 41 40 41 207 -1 -1 42 131 109 132 -1 -1 42 42 107 44 120 50 128 62 133 81 133 99 131 114 124 128 110 134 124 142 131 154 133 168 134 186 134 208 
S
54 54 135 60 132 52 118 46 104 41 86 40 66 43 45 52 37 60 36 71 49 81 59 84 78 88 97 92 110 98 120 106 130 115 136 131 137 157 138 172 132 179 118 194 105 195 84 196 59 194 43 189 38 173 33 155 
T
8 8 33 41 142 42 89 45 84 207 
U
28 28 30 40 30 151 30 173 42 181 56 194 77 198 89 200 106 201 121 201 133 196 139 184 142 175 144 143 140 41 
V
6 6 19 40 85 208 152 41 
W
10 10 9 40 47 207 84 95 122 207 165 41 
X
8 8 30 41 135 208 34 209 142 41 
Y
12 10 26 41 85 107 147 42 -1 -1 86 110 85 209 
Z
8 8 31 40 144 41 33 208 139 208 
.
10 10 85 196 79 201 83 207 89 204 86 199 
,
22 22 83 190 76 198 83 202 87 200 89 205 88 211 88 215 93 210 93 203 90 197 83 192 
!
16 14 83 193 79 201 87 205 89 200 85 196 -1 -1 84 178 83 44 
1
12 10 53 64 92 42 93 208 -1 -1 47 209 130 210 
2
38 38 37 64 39 51 52 47 68 44 86 44 107 46 117 55 124 68 127 83 126 96 123 105 111 116 96 124 73 134 47 154 39 170 39 187 39 204 137 205 
3
50 48 44 62 53 52 64 47 81 46 96 46 112 51 119 65 121 84 122 105 116 115 102 121 79 123 67 125 -1 -1 116 119 127 127 128 141 130 157 129 168 126 179 117 193 94 201 70 202 47 200 36 183 
4
12 10 44 41 44 134 136 132 -1 -1 113 45 114 208 
5
34 34 127 42 45 44 45 102 65 100 76 98 90 101 103 108 118 121 126 139 130 159 126 172 117 187 102 197 85 201 65 200 48 194 41 171 
6
36 36 113 45 96 40 74 44 58 63 48 88 45 131 50 160 59 183 68 192 82 196 108 197 121 186 130 163 127 129 103 118 82 126 62 134 48 143 
7
14 12 45 61 42 41 130 42 88 209 -1 -1 96 125 128 126 
8
62 62 79 41 56 44 47 53 42 72 49 87 67 95 82 102 98 108 112 117 122 129 127 143 129 157 129 173 124 185 113 192 96 197 82 197 61 195 47 189 47 175 52 144 60 133 80 120 90 108 106 101 115 86 120 67 115 49 104 41 84 41 79 41 
9
36 34 113 49 98 45 74 45 55 57 50 78 49 106 56 122 74 133 96 135 114 134 125 124 132 105 133 86 131 63 115 50 -1 -1 134 104 132 209 
0
44 42 87 41 73 41 56 49 44 77 42 114 40 148 46 173 65 202 82 204 97 204 109 202 118 193 125 177 129 140 128 106 119 65 112 50 102 45 88 44 -1 -1 79 128 91 127 
-
4 4 58 152 107 153 
+
10 8 57 153 115 154 -1 -1 86 124 88 177 
#
22 16 55 96 56 208 -1 -1 114 95 113 208 -1 -1 21 127 148 127 -1 -1 25 183 145 186 
?
40 38 36 62 43 54 60 49 77 47 96 47 113 54 122 62 130 77 130 92 127 105 122 119 105 127 89 135 85 184 -1 -1 84 197 79 201 85 206 90 204 85 200 
:
22 20 83 120 77 126 83 132 88 127 84 122 -1 -1 83 172 78 178 84 182 89 178 84 175 
(
12 12 82 50 64 85 61 119 60 153 67 180 86 202 
)
16 16 81 46 98 71 105 94 108 123 107 147 104 171 97 194 89 203 
~
48 42 63 101 56 110 62 116 69 111 65 104 -1 -1 111 102 105 110 112 115 116 110 112 105 -1 -1 43 161 52 173 65 183 81 187 95 188 110 185 124 175 132 161 -1 -1 88 135 88 153 94 151 
/
4 4 43 207 122 54 
|
4 4 126 208 49 57 
