a
52 52 44 95 50 77 70 68 89 64 105 64 118 71 124 90 128 109 128 127 126 136 118 125 103 110 86 110 68 113 57 120 48 131 43 142 43 161 47 184 60 193 87 193 110 186 120 170 128 147 128 140 135 192 
~
48 48 28 63 37 70 54 75 66 75 80 73 88 66 85 57 73 54 66 56 66 67 67 83 72 103 83 134 89 164 89 178 88 199 76 199 54 195 54 187 67 164 85 164 106 178 117 196 133 196 
l
62 62 40 86 63 85 94 82 110 74 113 61 111 46 106 42 100 42 97 46 95 56 91 79 88 96 85 112 81 127 73 156 67 173 60 187 51 193 41 193 36 176 35 169 39 161 46 158 54 157 63 162 72 171 79 179 92 190 101 193 120 193 131 183 
￿
34 34 28 116 44 114 52 104 52 102 48 98 43 98 41 103 45 116 49 125 57 145 65 160 74 179 80 192 83 199 98 159 106 132 113 101 
v
34 34 39 112 47 108 52 101 50 98 45 98 42 104 44 114 51 133 67 169 79 192 84 199 88 203 96 195 100 188 110 161 127 99 148 86 
