a
50 48 119 104 108 100 97 98 87 100 69 107 57 116 51 130 44 146 44 167 49 186 61 195 81 201 97 201 111 199 122 193 129 187 -1 -1 120 106 123 126 126 145 128 165 129 179 132 194 135 201 139 205 
b
18 18 44 38 40 205 109 205 120 193 125 176 124 161 120 148 112 137 44 139 
c
32 32 118 107 104 98 89 96 73 97 55 104 47 114 43 133 43 146 45 162 49 182 58 195 70 200 85 203 102 199 117 193 129 183 
d
20 20 127 41 130 205 55 205 39 198 30 186 27 164 31 149 41 135 51 129 128 128 
e
36 36 58 150 115 151 116 141 111 125 104 115 95 112 86 113 77 115 67 123 61 135 57 149 59 165 64 184 71 193 82 196 96 196 108 189 116 183 
f
28 26 50 206 51 94 53 81 57 66 64 56 76 51 90 50 103 53 112 65 116 78 117 87 -1 -1 24 144 83 142 
g
56 54 86 99 63 102 47 108 39 120 36 143 35 159 40 174 53 187 70 197 89 198 109 193 123 180 130 162 131 139 127 120 118 108 104 102 88 99 -1 -1 131 158 130 190 130 214 127 234 115 252 95 258 66 259 47 251 35 237 
h
32 30 35 40 38 206 -1 -1 38 137 46 126 55 118 68 112 81 108 93 108 107 112 117 118 124 127 130 140 130 150 132 169 132 202 
i
16 14 85 207 85 95 -1 -1 82 58 81 62 86 64 88 63 86 59 
j
30 28 104 96 106 197 107 212 104 228 93 243 81 248 66 250 58 245 49 229 49 224 -1 -1 101 60 100 66 105 64 102 62 
k
16 12 38 37 40 206 -1 -1 40 129 91 94 -1 -1 67 114 105 206 
l
4 4 80 39 81 206 
m
52 52 17 93 18 208 18 125 26 105 31 99 44 94 54 95 66 100 71 109 74 120 75 141 72 208 75 137 78 117 84 110 88 103 93 99 99 97 111 97 119 104 126 114 128 131 128 147 128 167 126 191 126 208 
n
34 34 39 96 40 208 40 117 47 107 55 102 65 98 76 95 89 94 103 97 113 101 119 107 123 117 126 127 128 145 128 166 128 184 128 206 
o
36 36 85 97 65 99 45 105 31 116 21 133 15 153 15 170 22 187 36 198 58 203 87 200 109 195 122 179 128 159 128 134 122 115 107 100 86 99 
p
44 44 39 94 37 263 39 111 50 100 60 96 75 96 91 98 102 100 111 110 118 125 120 137 122 157 118 167 114 179 106 191 97 198 87 203 74 206 64 206 49 206 41 202 40 199 
q
46 46 124 129 115 105 104 99 88 94 78 96 62 101 51 108 36 120 33 137 33 156 38 171 50 184 68 194 84 193 95 186 112 174 119 161 124 150 125 143 123 121 125 151 120 263 148 228 
r
22 20 45 95 44 207 -1 -1 46 112 55 106 66 103 80 103 97 103 114 109 124 117 127 129 
s
46 46 127 109 114 99 97 95 81 95 64 99 48 110 41 127 46 138 58 144 76 145 90 148 104 150 115 153 123 165 126 178 124 191 115 200 99 204 74 207 63 205 42 198 29 186 28 172 
t
10 8 85 38 87 208 -1 -1 48 94 124 93 
u
36 36 34 96 33 146 34 162 36 179 45 191 57 201 72 202 88 203 99 201 112 197 124 189 129 175 129 149 128 97 129 177 129 190 134 201 138 205 
v
6 6 33 95 87 205 138 94 
w
10 10 9 96 50 205 84 115 119 207 163 98 
x
10 8 38 95 131 205 -1 -1 35 207 132 96 
y
10 8 40 95 82 148 -1 -1 106 95 60 206 
z
8 8 43 93 129 92 41 208 128 208 
